0.460382 16.4399 1
0.766357 18.0915 1
3.27143 16.8956 0
0.121002 16.9728 1
0.0269437 13.5013 1
2.4037 19.9783 1
1.84425 17.9044 1
2.45417 18.7165 1
0.166126 15.4618 1
2.64744 15.74 0
3.43893 18.6502 0
0.254401 19.6353 1
1.52744 16.583 1
0.962174 14.2488 1
3.1418 13.4542 0
1.76583 15.3927 1
1.72892 13.6805 0
0.258122 15.8811 1
3.19836 16.4833 0
0.175294 18.7765 1
0.438779 18.1634 1
2.2034 18.4406 1
3.11 15.2974 0
1.79646 19.3449 1
2.94529 16.1155 0
1.63771 14.3375 1
2.00079 13.2479 0
1.74468 18.6122 1
3.11758 19.3153 0
0.74463 13.9782 1
0.961059 16.1072 1
2.48437 14.7993 0
1.11139 17.8904 1
2.38471 15.9079 0
0.516366 19.3418 1
3.34393 14.1111 0
1.43068 17.2367 1
1.7098 20.2082 1
0.69915 17.7195 1
2.27939 19.023 1
1.66751 14.5244 1
3.15586 14.0652 0
1.4361 19.6424 1
0.567695 15.74 1
0.472883 16.4148 1
1.58305 19.9876 1
0.753369 19.8169 1
3.01301 16.7947 0
2.86147 16.4668 0
2.21459 19.1852 1
2.45772 20.1581 1
1.01261 16.8583 1
1.4491 19.5742 1
2.55412 18.3673 1
2.47287 13.1432 0
1.83746 13.489 0
1.7113 18.1154 1
3.20822 19.6751 0
0.487182 20.4202 1
1.56108 16.8599 1
